{
  "individual_results": [
    {
      "model_name": "k-nearest_neighbors_2025-06-09_15-12-28",
      "accuracy": 0.825,
      "precision_macro": 0.9113725490196078,
      "recall_macro": 0.7555555555555555,
      "f1_macro": 0.7892307692307693,
      "precision_weighted": 0.8472549019607843,
      "recall_weighted": 0.825,
      "f1_weighted": 0.8151923076923075,
      "confusion_matrix": [
        [
          14,
          0,
          0,
          0,
          4
        ],
        [
          0,
          5,
          0,
          0,
          0
        ],
        [
          1,
          0,
          2,
          0,
          0
        ],
        [
          2,
          0,
          0,
          1,
          0
        ],
        [
          0,
          0,
          0,
          0,
          11
        ]
      ],
      "classification_report": {
        "0": {
          "precision": 0.8235294117647058,
          "recall": 0.7777777777777778,
          "f1-score": 0.8,
          "support": 18.0
        },
        "1": {
          "precision": 1.0,
          "recall": 1.0,
          "f1-score": 1.0,
          "support": 5.0
        },
        "2": {
          "precision": 1.0,
          "recall": 0.6666666666666666,
          "f1-score": 0.8,
          "support": 3.0
        },
        "3": {
          "precision": 1.0,
          "recall": 0.3333333333333333,
          "f1-score": 0.5,
          "support": 3.0
        },
        "4": {
          "precision": 0.7333333333333333,
          "recall": 1.0,
          "f1-score": 0.8461538461538461,
          "support": 11.0
        },
        "accuracy": 0.825,
        "macro avg": {
          "precision": 0.9113725490196078,
          "recall": 0.7555555555555555,
          "f1-score": 0.7892307692307693,
          "support": 40.0
        },
        "weighted avg": {
          "precision": 0.8472549019607843,
          "recall": 0.825,
          "f1-score": 0.8151923076923075,
          "support": 40.0
        }
      },
      "y_true": [
        0,
        1,
        0,
        0,
        4,
        4,
        4,
        4,
        3,
        3,
        0,
        1,
        0,
        4,
        1,
        0,
        0,
        0,
        4,
        0,
        0,
        1,
        0,
        4,
        0,
        0,
        0,
        0,
        1,
        4,
        0,
        4,
        0,
        0,
        2,
        2,
        4,
        2,
        3,
        4
      ],
      "y_pred": [
        4,
        1,
        0,
        0,
        4,
        4,
        4,
        4,
        3,
        0,
        0,
        1,
        0,
        4,
        1,
        0,
        0,
        0,
        4,
        0,
        0,
        1,
        0,
        4,
        0,
        4,
        4,
        4,
        1,
        4,
        0,
        4,
        0,
        0,
        2,
        2,
        4,
        0,
        0,
        4
      ],
      "y_proba": [
        [
          0.2,
          0.0,
          0.0,
          0.0,
          0.8
        ],
        [
          0.2,
          0.6,
          0.0,
          0.0,
          0.2
        ],
        [
          0.8,
          0.0,
          0.2,
          0.0,
          0.0
        ],
        [
          1.0,
          0.0,
          0.0,
          0.0,
          0.0
        ],
        [
          0.0,
          0.0,
          0.0,
          0.0,
          1.0
        ],
        [
          0.2,
          0.2,
          0.0,
          0.0,
          0.6
        ],
        [
          0.0,
          0.0,
          0.0,
          0.2,
          0.8
        ],
        [
          0.0,
          0.0,
          0.0,
          0.0,
          1.0
        ],
        [
          0.0,
          0.4,
          0.0,
          0.6,
          0.0
        ],
        [
          0.6,
          0.0,
          0.0,
          0.4,
          0.0
        ],
        [
          1.0,
          0.0,
          0.0,
          0.0,
          0.0
        ],
        [
          0.4,
          0.6,
          0.0,
          0.0,
          0.0
        ],
        [
          1.0,
          0.0,
          0.0,
          0.0,
          0.0
        ],
        [
          0.0,
          0.0,
          0.4,
          0.0,
          0.6
        ],
        [
          0.2,
          0.4,
          0.2,
          0.0,
          0.2
        ],
        [
          0.6,
          0.0,
          0.0,
          0.4,
          0.0
        ],
        [
          0.8,
          0.0,
          0.0,
          0.2,
          0.0
        ],
        [
          1.0,
          0.0,
          0.0,
          0.0,
          0.0
        ],
        [
          0.0,
          0.0,
          0.0,
          0.0,
          1.0
        ],
        [
          0.6,
          0.0,
          0.0,
          0.0,
          0.4
        ],
        [
          1.0,
          0.0,
          0.0,
          0.0,
          0.0
        ],
        [
          0.0,
          0.6,
          0.0,
          0.0,
          0.4
        ],
        [
          1.0,
          0.0,
          0.0,
          0.0,
          0.0
        ],
        [
          0.0,
          0.0,
          0.0,
          0.0,
          1.0
        ],
        [
          1.0,
          0.0,
          0.0,
          0.0,
          0.0
        ],
        [
          0.4,
          0.0,
          0.0,
          0.0,
          0.6
        ],
        [
          0.2,
          0.0,
          0.2,
          0.0,
          0.6
        ],
        [
          0.4,
          0.0,
          0.0,
          0.0,
          0.6
        ],
        [
          0.0,
          0.8,
          0.2,
          0.0,
          0.0
        ],
        [
          0.2,
          0.0,
          0.0,
          0.0,
          0.8
        ],
        [
          0.8,
          0.0,
          0.0,
          0.0,
          0.2
        ],
        [
          0.0,
          0.0,
          0.2,
          0.0,
          0.8
        ],
        [
          1.0,
          0.0,
          0.0,
          0.0,
          0.0
        ],
        [
          1.0,
          0.0,
          0.0,
          0.0,
          0.0
        ],
        [
          0.0,
          0.0,
          0.8,
          0.2,
          0.0
        ],
        [
          0.0,
          0.0,
          0.8,
          0.2,
          0.0
        ],
        [
          0.0,
          0.2,
          0.0,
          0.0,
          0.8
        ],
        [
          0.4,
          0.2,
          0.4,
          0.0,
          0.0
        ],
        [
          0.6,
          0.0,
          0.0,
          0.4,
          0.0
        ],
        [
          0.2,
          0.0,
          0.0,
          0.0,
          0.8
        ]
      ],
      "log_loss": 0.38144510676743415,
      "per_class_metrics": {
        "DrugY": {
          "precision": 0.8235294117647058,
          "recall": 0.7777777777777778,
          "f1_score": 0.8,
          "support": 18
        },
        "drugA": {
          "precision": 1.0,
          "recall": 1.0,
          "f1_score": 1.0,
          "support": 5
        },
        "drugB": {
          "precision": 1.0,
          "recall": 0.6666666666666666,
          "f1_score": 0.8,
          "support": 3
        },
        "drugC": {
          "precision": 1.0,
          "recall": 0.3333333333333333,
          "f1_score": 0.5,
          "support": 3
        },
        "drugX": {
          "precision": 0.7333333333333333,
          "recall": 1.0,
          "f1_score": 0.8461538461538461,
          "support": 11
        }
      },
      "roc_auc_macro": 0.9814176137624415,
      "prediction_time": 0.01164698600769043,
      "test_size": 40
    },
    {
      "model_name": "support_vector_machine_2025-06-09_15-12-28",
      "accuracy": 0.95,
      "precision_macro": 0.9692307692307691,
      "recall_macro": 0.9777777777777779,
      "f1_macro": 0.9715686274509805,
      "precision_weighted": 0.9576923076923076,
      "recall_weighted": 0.95,
      "f1_weighted": 0.9506127450980392,
      "confusion_matrix": [
        [
          16,
          0,
          0,
          0,
          2
        ],
        [
          0,
          5,
          0,
          0,
          0
        ],
        [
          0,
          0,
          3,
          0,
          0
        ],
        [
          0,
          0,
          0,
          3,
          0
        ],
        [
          0,
          0,
          0,
          0,
          11
        ]
      ],
      "classification_report": {
        "0": {
          "precision": 1.0,
          "recall": 0.8888888888888888,
          "f1-score": 0.9411764705882353,
          "support": 18.0
        },
        "1": {
          "precision": 1.0,
          "recall": 1.0,
          "f1-score": 1.0,
          "support": 5.0
        },
        "2": {
          "precision": 1.0,
          "recall": 1.0,
          "f1-score": 1.0,
          "support": 3.0
        },
        "3": {
          "precision": 1.0,
          "recall": 1.0,
          "f1-score": 1.0,
          "support": 3.0
        },
        "4": {
          "precision": 0.8461538461538461,
          "recall": 1.0,
          "f1-score": 0.9166666666666666,
          "support": 11.0
        },
        "accuracy": 0.95,
        "macro avg": {
          "precision": 0.9692307692307691,
          "recall": 0.9777777777777779,
          "f1-score": 0.9715686274509805,
          "support": 40.0
        },
        "weighted avg": {
          "precision": 0.9576923076923076,
          "recall": 0.95,
          "f1-score": 0.9506127450980392,
          "support": 40.0
        }
      },
      "y_true": [
        0,
        1,
        0,
        0,
        4,
        4,
        4,
        4,
        3,
        3,
        0,
        1,
        0,
        4,
        1,
        0,
        0,
        0,
        4,
        0,
        0,
        1,
        0,
        4,
        0,
        0,
        0,
        0,
        1,
        4,
        0,
        4,
        0,
        0,
        2,
        2,
        4,
        2,
        3,
        4
      ],
      "y_pred": [
        4,
        1,
        0,
        0,
        4,
        4,
        4,
        4,
        3,
        3,
        0,
        1,
        0,
        4,
        1,
        0,
        0,
        0,
        4,
        0,
        0,
        1,
        0,
        4,
        0,
        0,
        4,
        0,
        1,
        4,
        0,
        4,
        0,
        0,
        2,
        2,
        4,
        2,
        3,
        4
      ],
      "y_proba": [
        [
          0.5271945928035215,
          0.02508478240034594,
          0.011484212325830993,
          0.015160869941197263,
          0.42107554252910423
        ],
        [
          0.025871266561669867,
          0.8553711244643933,
          0.051122489265892315,
          0.019316077521681616,
          0.048319042186363126
        ],
        [
          0.82956452769924,
          0.013577213285260329,
          0.10810550977223687,
          0.019004644811508188,
          0.02974810443175481
        ],
        [
          0.9847930848133584,
          0.0027111638103587458,
          0.005350832430244303,
          0.005506035150847869,
          0.001638883795190624
        ],
        [
          0.0047117340168375,
          0.009821605769187102,
          0.01801420706109339,
          0.004241099089055397,
          0.963211354063827
        ],
        [
          0.0850130625301401,
          0.04184854977629888,
          0.0075137560543936275,
          0.025003693856101163,
          0.8406209377830659
        ],
        [
          0.017142478339376512,
          0.016332331750682053,
          0.015406648726496417,
          0.032499212417840595,
          0.918619328765604
        ],
        [
          0.01722916310651265,
          0.015381339747409135,
          0.03158863963458397,
          0.020408139814394717,
          0.9153927176970991
        ],
        [
          0.009958496064962965,
          0.032085900303132235,
          0.012484012215914612,
          0.900871234241781,
          0.04460035717420911
        ],
        [
          0.335480312992133,
          0.02541606546432381,
          0.017048137313685343,
          0.5956870693989818,
          0.02636841483087566
        ],
        [
          0.9838525176201826,
          0.003495292746830857,
          0.004636993198918926,
          0.006247185377118819,
          0.0017680110569486293
        ],
        [
          0.21983965305426506,
          0.6484811787703302,
          0.07773713576067254,
          0.036216558936572024,
          0.01772547347816028
        ],
        [
          0.8929251509072564,
          0.020106280940815614,
          0.018677991616426998,
          0.03040526865968414,
          0.037885307875817106
        ],
        [
          0.008591355922764991,
          0.010743532351083924,
          0.022141541204238,
          0.004008958096936813,
          0.9545146124249767
        ],
        [
          0.04644561301043917,
          0.7395822511352572,
          0.139091177154823,
          0.022274975240781876,
          0.052605983458698775
        ],
        [
          0.8877778159114837,
          0.004895500176725563,
          0.007944168393323035,
          0.08608071041474985,
          0.013301805103718029
        ],
        [
          0.8425476765096359,
          0.012055952457339106,
          0.0053904748319707225,
          0.12298944644955968,
          0.017016449751494547
        ],
        [
          0.9611265839342445,
          0.008526619644660406,
          0.008970729467154936,
          0.013907187381724823,
          0.007468879572215149
        ],
        [
          0.05533302310726689,
          0.01967489743375979,
          0.013499849462607091,
          0.0156842705483111,
          0.8958079594480552
        ],
        [
          0.9522437205574692,
          0.006485051040005082,
          0.003661628794784615,
          0.005467058130958118,
          0.03214254147678336
        ],
        [
          0.9856225957257684,
          0.002840555759451106,
          0.004577730377846389,
          0.00546952361812231,
          0.0014895945188120327
        ],
        [
          0.043398224421839396,
          0.8171684290404146,
          0.020727954331473744,
          0.06064290874343365,
          0.058062483462838224
        ],
        [
          0.9909037770258486,
          0.0023075974246172643,
          0.0014789312417544775,
          0.0039588142228726125,
          0.0013508800849069437
        ],
        [
          0.009377163761009395,
          0.027991986019110505,
          0.006939609198770039,
          0.017667675331383897,
          0.9380235656897259
        ],
        [
          0.9815134740864336,
          0.0035401788669796853,
          0.005743373619910817,
          0.007144851986747827,
          0.00205812143992837
        ],
        [
          0.9146149033765899,
          0.007962629374133516,
          0.0059815299023014655,
          0.007342340014389434,
          0.06409859733258591
        ],
        [
          0.493529812142288,
          0.023291241616243588,
          0.02478237572570519,
          0.005070584792515812,
          0.45332598572324745
        ],
        [
          0.7462268181595589,
          0.04941121307112585,
          0.008854888031128865,
          0.020656600173069698,
          0.1748504805651165
        ],
        [
          0.009543802137908926,
          0.662755011051024,
          0.22661445291621302,
          0.06498322866618242,
          0.03610350522867171
        ],
        [
          0.17612017035391744,
          0.01872302825391453,
          0.022887790441778497,
          0.0335202935832501,
          0.7487487173671395
        ],
        [
          0.9813693871792462,
          0.0024867165587302144,
          0.003569620504114561,
          0.007737883584549838,
          0.004836392173359006
        ],
        [
          0.1254628582430578,
          0.008688439469541414,
          0.020370856221202018,
          0.029668689800827885,
          0.8158091562653709
        ],
        [
          0.9907920005585612,
          0.0009756513301612553,
          0.0007306472830092445,
          0.006641656483655892,
          0.0008600443446122174
        ],
        [
          0.9889975990538948,
          0.0032550286703102284,
          0.0030471615371928935,
          0.0035072614829214873,
          0.0011929492556805382
        ],
        [
          0.03599842126482644,
          0.0418989434262991,
          0.8560441250880872,
          0.038210408252672814,
          0.027848101968114092
        ],
        [
          0.029218194766062685,
          0.03989078644512789,
          0.8514079430040847,
          0.04407570357717253,
          0.035407372207552204
        ],
        [
          0.006181500355737461,
          0.022502383178799105,
          0.0064126246170228135,
          0.04202206436421892,
          0.9228814274842214
        ],
        [
          0.2033698713052473,
          0.08943646953854738,
          0.6525755700853798,
          0.03389198217736052,
          0.020726106893465067
        ],
        [
          0.04948407475093259,
          0.029269615029564235,
          0.011955480748532333,
          0.8816825273981379,
          0.027608302072832977
        ],
        [
          0.0265450659091496,
          0.016160409992837403,
          0.029995072441200747,
          0.018338831968199815,
          0.9089606196886124
        ]
      ],
      "log_loss": 0.16974298399312276,
      "per_class_metrics": {
        "DrugY": {
          "precision": 1.0,
          "recall": 0.8888888888888888,
          "f1_score": 0.9411764705882353,
          "support": 18
        },
        "drugA": {
          "precision": 1.0,
          "recall": 1.0,
          "f1_score": 1.0,
          "support": 5
        },
        "drugB": {
          "precision": 1.0,
          "recall": 1.0,
          "f1_score": 1.0,
          "support": 3
        },
        "drugC": {
          "precision": 1.0,
          "recall": 1.0,
          "f1_score": 1.0,
          "support": 3
        },
        "drugX": {
          "precision": 0.8461538461538461,
          "recall": 1.0,
          "f1_score": 0.9166666666666666,
          "support": 11
        }
      },
      "roc_auc_macro": 1.0,
      "prediction_time": 0.011107921600341797,
      "test_size": 40
    },
    {
      "model_name": "logistic_regression_2025-06-09_15-12-28",
      "accuracy": 0.925,
      "precision_macro": 0.962280701754386,
      "recall_macro": 0.8822222222222222,
      "f1_macro": 0.9128659093876484,
      "precision_weighted": 0.9297149122807017,
      "recall_weighted": 0.925,
      "f1_weighted": 0.9226681028854941,
      "confusion_matrix": [
        [
          17,
          0,
          0,
          0,
          1
        ],
        [
          1,
          4,
          0,
          0,
          0
        ],
        [
          1,
          0,
          2,
          0,
          0
        ],
        [
          0,
          0,
          0,
          3,
          0
        ],
        [
          0,
          0,
          0,
          0,
          11
        ]
      ],
      "classification_report": {
        "0": {
          "precision": 0.8947368421052632,
          "recall": 0.9444444444444444,
          "f1-score": 0.918918918918919,
          "support": 18.0
        },
        "1": {
          "precision": 1.0,
          "recall": 0.8,
          "f1-score": 0.8888888888888888,
          "support": 5.0
        },
        "2": {
          "precision": 1.0,
          "recall": 0.6666666666666666,
          "f1-score": 0.8,
          "support": 3.0
        },
        "3": {
          "precision": 1.0,
          "recall": 1.0,
          "f1-score": 1.0,
          "support": 3.0
        },
        "4": {
          "precision": 0.9166666666666666,
          "recall": 1.0,
          "f1-score": 0.9565217391304348,
          "support": 11.0
        },
        "accuracy": 0.925,
        "macro avg": {
          "precision": 0.962280701754386,
          "recall": 0.8822222222222222,
          "f1-score": 0.9128659093876484,
          "support": 40.0
        },
        "weighted avg": {
          "precision": 0.9297149122807017,
          "recall": 0.925,
          "f1-score": 0.9226681028854941,
          "support": 40.0
        }
      },
      "y_true": [
        0,
        1,
        0,
        0,
        4,
        4,
        4,
        4,
        3,
        3,
        0,
        1,
        0,
        4,
        1,
        0,
        0,
        0,
        4,
        0,
        0,
        1,
        0,
        4,
        0,
        0,
        0,
        0,
        1,
        4,
        0,
        4,
        0,
        0,
        2,
        2,
        4,
        2,
        3,
        4
      ],
      "y_pred": [
        0,
        1,
        0,
        0,
        4,
        4,
        4,
        4,
        3,
        3,
        0,
        0,
        0,
        4,
        1,
        0,
        0,
        0,
        4,
        0,
        0,
        1,
        0,
        4,
        0,
        0,
        4,
        0,
        1,
        4,
        0,
        4,
        0,
        0,
        2,
        2,
        4,
        0,
        3,
        4
      ],
      "y_proba": [
        [
          0.6262771318477247,
          0.015625251337856482,
          0.029412485949191984,
          0.014602759315158061,
          0.3140823715500687
        ],
        [
          0.048807171899248325,
          0.5114735897262622,
          0.08817525798724013,
          0.028710737218968337,
          0.322833243168281
        ],
        [
          0.7037896960479928,
          0.009289581883741422,
          0.27297439273092383,
          0.007170463731825568,
          0.006775865605516406
        ],
        [
          0.9998191570135783,
          0.00014049600078028658,
          1.844606024900209e-05,
          2.9937328677669864e-06,
          1.89071925245794e-05
        ],
        [
          0.0026485503735249705,
          0.004815274799225539,
          0.06255996024720008,
          0.0017675700522459508,
          0.9282086445278035
        ],
        [
          0.16157173035784186,
          0.19462114982930395,
          0.005100372483347879,
          0.041545192318593015,
          0.5971615550109134
        ],
        [
          0.10606044645031222,
          0.06331090256490313,
          0.04813529229607978,
          0.11054990945248296,
          0.6719434492362218
        ],
        [
          0.011063584828010176,
          0.04451060681922031,
          0.11451114143536732,
          0.031035807423870646,
          0.7988788594935317
        ],
        [
          0.0065563195046696564,
          0.18863853793400487,
          0.00229214722569155,
          0.6308022809933311,
          0.17171071434230267
        ],
        [
          0.29070040955927595,
          0.06791858723290492,
          0.026499096617388317,
          0.46159196407615743,
          0.1532899425142734
        ],
        [
          0.9999355558422959,
          3.5650372940062275e-06,
          8.46383551555407e-06,
          9.562608913000152e-06,
          4.285267598154474e-05
        ],
        [
          0.411604209424183,
          0.39372459510047675,
          0.09557881775172886,
          0.06175052465329193,
          0.03734185307031938
        ],
        [
          0.9999991491210033,
          5.976004023293057e-07,
          1.2297536686061716e-07,
          9.663318975046984e-08,
          3.367003767545783e-08
        ],
        [
          0.013334720775291194,
          0.010683511769467033,
          0.08643921612169622,
          0.0019850759492906762,
          0.8875574753842549
        ],
        [
          0.09687111415235357,
          0.3998326792604115,
          0.15786991315061985,
          0.02677640711306868,
          0.31864988632354635
        ],
        [
          0.8578396450299847,
          0.0037451506669071615,
          0.02645821530728495,
          0.07874732825190056,
          0.03320966074392259
        ],
        [
          0.9396389838936264,
          0.005281525174572257,
          0.0007817431277768505,
          0.04267682323443124,
          0.011620924569593195
        ],
        [
          0.9999919932409516,
          5.811881544461315e-07,
          5.661459668922544e-07,
          5.577191457590237e-06,
          1.2822334697220574e-06
        ],
        [
          0.22126508644032014,
          0.029289230278183163,
          0.05485708440507333,
          0.02886188978825705,
          0.6657267090881662
        ],
        [
          0.9483957042597501,
          0.0006145295201471322,
          0.02222966113008962,
          0.0010664393421784236,
          0.02769366574783471
        ],
        [
          0.9990620161314058,
          0.0006326359044081795,
          9.59263396620103e-05,
          2.50820047693226e-05,
          0.0001843396197547167
        ],
        [
          0.05698467424830129,
          0.7386361430841286,
          0.017386305801615525,
          0.12039355634582431,
          0.06659932052013046
        ],
        [
          0.9993193955074836,
          1.7730946949109558e-05,
          0.00019336271809979123,
          0.0003474090499177478,
          0.0001221017775496166
        ],
        [
          0.032701438451880165,
          0.08325580746193163,
          0.00895547191355649,
          0.044272832938898825,
          0.8308144492337329
        ],
        [
          0.9998378556658226,
          0.00010169326060118799,
          2.5218880109634187e-05,
          4.295376818943097e-06,
          3.093681664760223e-05
        ],
        [
          0.8829793420519422,
          0.0011556177889874223,
          0.05358229709787136,
          0.0021828951657602976,
          0.060099847895438575
        ],
        [
          0.4782195515118713,
          0.012938114139917238,
          0.02355909227451881,
          0.0014842015888344158,
          0.4837990404848583
        ],
        [
          0.697540629947884,
          0.022095998880571305,
          0.008893813830374055,
          0.014162060020562226,
          0.25730749732060837
        ],
        [
          0.012142390687000857,
          0.601745860015704,
          0.18783543921874193,
          0.11424144102494105,
          0.0840348690536123
        ],
        [
          0.3950246650358365,
          0.04341925883999423,
          0.04198429127007501,
          0.0761965738093713,
          0.44337521104472294
        ],
        [
          0.9866714169421622,
          0.002398802360372671,
          0.00027631235610741967,
          0.002187225068621388,
          0.008466243272736282
        ],
        [
          0.3421154078331625,
          0.006189996744980204,
          0.226085601547951,
          0.043334158814314454,
          0.38227483505959187
        ],
        [
          0.9727347005501923,
          0.003024912846771857,
          0.0012203865842105666,
          0.01801563036597464,
          0.005004369652850683
        ],
        [
          0.993234207426204,
          0.004359454917519741,
          0.0007111174047328712,
          0.00018744861872090966,
          0.001507771632822338
        ],
        [
          0.07312400344722128,
          0.16850430679474418,
          0.6569299327977637,
          0.054366442957176755,
          0.04707531400309396
        ],
        [
          0.03486803423260884,
          0.15776376990080357,
          0.7048191053968363,
          0.05382855503982214,
          0.04872053542992913
        ],
        [
          0.03193053087283195,
          0.11550578743552009,
          0.013390835596663245,
          0.13375349864977784,
          0.705419347445207
        ],
        [
          0.38325259446380094,
          0.18266359034678634,
          0.3520526210052389,
          0.04696641956161068,
          0.03506477462256323
        ],
        [
          0.09069511198778588,
          0.10505827503927781,
          0.016273319979913,
          0.5972930646546548,
          0.1906802283383685
        ],
        [
          0.03318169697078385,
          0.05039851931037321,
          0.10512710578287199,
          0.03231024369185627,
          0.7789824342441147
        ]
      ],
      "log_loss": 0.3387678964030781,
      "per_class_metrics": {
        "DrugY": {
          "precision": 0.8947368421052632,
          "recall": 0.9444444444444444,
          "f1_score": 0.918918918918919,
          "support": 18
        },
        "drugA": {
          "precision": 1.0,
          "recall": 0.8,
          "f1_score": 0.8888888888888888,
          "support": 5
        },
        "drugB": {
          "precision": 1.0,
          "recall": 0.6666666666666666,
          "f1_score": 0.8,
          "support": 3
        },
        "drugC": {
          "precision": 1.0,
          "recall": 1.0,
          "f1_score": 1.0,
          "support": 3
        },
        "drugX": {
          "precision": 0.9166666666666666,
          "recall": 1.0,
          "f1_score": 0.9565217391304348,
          "support": 11
        }
      },
      "roc_auc_macro": 0.9987460815047022,
      "prediction_time": 0.010867834091186523,
      "test_size": 40
    },
    {
      "model_name": "random_forest_2025-06-09_15-12-29",
      "accuracy": 0.975,
      "precision_macro": 0.9894736842105264,
      "recall_macro": 0.9818181818181818,
      "f1_macro": 0.985070785070785,
      "precision_weighted": 0.9763157894736842,
      "recall_weighted": 0.975,
      "f1_weighted": 0.9747425997425998,
      "confusion_matrix": [
        [
          18,
          0,
          0,
          0,
          0
        ],
        [
          0,
          5,
          0,
          0,
          0
        ],
        [
          0,
          0,
          3,
          0,
          0
        ],
        [
          0,
          0,
          0,
          3,
          0
        ],
        [
          1,
          0,
          0,
          0,
          10
        ]
      ],
      "classification_report": {
        "0": {
          "precision": 0.9473684210526315,
          "recall": 1.0,
          "f1-score": 0.972972972972973,
          "support": 18.0
        },
        "1": {
          "precision": 1.0,
          "recall": 1.0,
          "f1-score": 1.0,
          "support": 5.0
        },
        "2": {
          "precision": 1.0,
          "recall": 1.0,
          "f1-score": 1.0,
          "support": 3.0
        },
        "3": {
          "precision": 1.0,
          "recall": 1.0,
          "f1-score": 1.0,
          "support": 3.0
        },
        "4": {
          "precision": 1.0,
          "recall": 0.9090909090909091,
          "f1-score": 0.9523809523809523,
          "support": 11.0
        },
        "accuracy": 0.975,
        "macro avg": {
          "precision": 0.9894736842105264,
          "recall": 0.9818181818181818,
          "f1-score": 0.985070785070785,
          "support": 40.0
        },
        "weighted avg": {
          "precision": 0.9763157894736842,
          "recall": 0.975,
          "f1-score": 0.9747425997425998,
          "support": 40.0
        }
      },
      "y_true": [
        0,
        1,
        0,
        0,
        4,
        4,
        4,
        4,
        3,
        3,
        0,
        1,
        0,
        4,
        1,
        0,
        0,
        0,
        4,
        0,
        0,
        1,
        0,
        4,
        0,
        0,
        0,
        0,
        1,
        4,
        0,
        4,
        0,
        0,
        2,
        2,
        4,
        2,
        3,
        4
      ],
      "y_pred": [
        0,
        1,
        0,
        0,
        4,
        4,
        4,
        4,
        3,
        3,
        0,
        1,
        0,
        4,
        1,
        0,
        0,
        0,
        4,
        0,
        0,
        1,
        0,
        4,
        0,
        0,
        0,
        0,
        1,
        4,
        0,
        0,
        0,
        0,
        2,
        2,
        4,
        2,
        3,
        4
      ],
      "y_proba": [
        [
          0.8,
          0.0,
          0.01,
          0.0,
          0.19
        ],
        [
          0.03,
          0.67,
          0.13,
          0.0,
          0.17
        ],
        [
          0.92,
          0.01,
          0.07,
          0.0,
          0.0
        ],
        [
          0.97,
          0.03,
          0.0,
          0.0,
          0.0
        ],
        [
          0.09,
          0.0,
          0.1,
          0.0,
          0.81
        ],
        [
          0.09,
          0.1,
          0.0,
          0.0,
          0.81
        ],
        [
          0.03,
          0.04,
          0.02,
          0.12,
          0.79
        ],
        [
          0.08,
          0.0,
          0.05,
          0.01,
          0.86
        ],
        [
          0.01,
          0.06,
          0.0,
          0.79,
          0.14
        ],
        [
          0.06,
          0.05,
          0.0,
          0.79,
          0.1
        ],
        [
          0.94,
          0.0,
          0.0,
          0.0,
          0.06
        ],
        [
          0.05,
          0.68,
          0.19,
          0.02,
          0.06
        ],
        [
          0.95,
          0.03,
          0.0,
          0.02,
          0.0
        ],
        [
          0.03,
          0.0,
          0.05,
          0.0,
          0.92
        ],
        [
          0.04,
          0.68,
          0.11,
          0.0,
          0.17
        ],
        [
          0.96,
          0.0,
          0.0,
          0.04,
          0.0
        ],
        [
          0.81,
          0.01,
          0.0,
          0.17,
          0.01
        ],
        [
          0.84,
          0.0,
          0.0,
          0.13,
          0.03
        ],
        [
          0.02,
          0.02,
          0.04,
          0.01,
          0.91
        ],
        [
          0.87,
          0.0,
          0.05,
          0.0,
          0.08
        ],
        [
          1.0,
          0.0,
          0.0,
          0.0,
          0.0
        ],
        [
          0.02,
          0.8,
          0.08,
          0.07,
          0.03
        ],
        [
          0.93,
          0.0,
          0.01,
          0.06,
          0.0
        ],
        [
          0.01,
          0.02,
          0.0,
          0.0,
          0.97
        ],
        [
          1.0,
          0.0,
          0.0,
          0.0,
          0.0
        ],
        [
          0.87,
          0.0,
          0.05,
          0.0,
          0.08
        ],
        [
          0.73,
          0.0,
          0.0,
          0.0,
          0.27
        ],
        [
          0.85,
          0.01,
          0.0,
          0.0,
          0.14
        ],
        [
          0.02,
          0.57,
          0.15,
          0.09,
          0.17
        ],
        [
          0.07,
          0.05,
          0.01,
          0.09,
          0.78
        ],
        [
          0.88,
          0.0,
          0.0,
          0.01,
          0.11
        ],
        [
          0.63,
          0.0,
          0.01,
          0.01,
          0.35
        ],
        [
          0.99,
          0.0,
          0.0,
          0.01,
          0.0
        ],
        [
          0.99,
          0.01,
          0.0,
          0.0,
          0.0
        ],
        [
          0.01,
          0.13,
          0.76,
          0.08,
          0.02
        ],
        [
          0.0,
          0.12,
          0.75,
          0.07,
          0.06
        ],
        [
          0.01,
          0.05,
          0.01,
          0.04,
          0.89
        ],
        [
          0.03,
          0.06,
          0.87,
          0.03,
          0.01
        ],
        [
          0.03,
          0.07,
          0.0,
          0.74,
          0.16
        ],
        [
          0.08,
          0.01,
          0.04,
          0.01,
          0.86
        ]
      ],
      "log_loss": 0.19662706846130334,
      "per_class_metrics": {
        "DrugY": {
          "precision": 0.9473684210526315,
          "recall": 1.0,
          "f1_score": 0.972972972972973,
          "support": 18
        },
        "drugA": {
          "precision": 1.0,
          "recall": 1.0,
          "f1_score": 1.0,
          "support": 5
        },
        "drugB": {
          "precision": 1.0,
          "recall": 1.0,
          "f1_score": 1.0,
          "support": 3
        },
        "drugC": {
          "precision": 1.0,
          "recall": 1.0,
          "f1_score": 1.0,
          "support": 3
        },
        "drugX": {
          "precision": 1.0,
          "recall": 0.9090909090909091,
          "f1_score": 0.9523809523809523,
          "support": 11
        }
      },
      "roc_auc_macro": 1.0,
      "prediction_time": 0.041300058364868164,
      "test_size": 40
    }
  ],
  "comparison_summary": {
    "Model": {
      "0": "k-nearest_neighbors_2025-06-09_15-12-28",
      "1": "support_vector_machine_2025-06-09_15-12-28",
      "2": "logistic_regression_2025-06-09_15-12-28",
      "3": "random_forest_2025-06-09_15-12-29"
    },
    "Accuracy": {
      "0": 0.825,
      "1": 0.95,
      "2": 0.925,
      "3": 0.975
    },
    "Precision": {
      "0": 0.9113725490196078,
      "1": 0.9692307692307691,
      "2": 0.962280701754386,
      "3": 0.9894736842105264
    },
    "Recall": {
      "0": 0.7555555555555555,
      "1": 0.9777777777777779,
      "2": 0.8822222222222222,
      "3": 0.9818181818181818
    },
    "F1-Score": {
      "0": 0.7892307692307693,
      "1": 0.9715686274509805,
      "2": 0.9128659093876484,
      "3": 0.985070785070785
    },
    "Prediction Time (s)": {
      "0": 0.01164698600769043,
      "1": 0.011107921600341797,
      "2": 0.010867834091186523,
      "3": 0.041300058364868164
    },
    "ROC AUC": {
      "0": 0.9814176137624415,
      "1": 1.0,
      "2": 0.9987460815047022,
      "3": 1.0
    },
    "Log Loss": {
      "0": 0.38144510676743415,
      "1": 0.16974298399312276,
      "2": 0.3387678964030781,
      "3": 0.19662706846130334
    }
  },
  "significance_tests": {
    "k-nearest_neighbors_2025-06-09_15-12-28_vs_support_vector_machine_2025-06-09_15-12-28": {
      "model1_name": "k-nearest_neighbors_2025-06-09_15-12-28",
      "model2_name": "support_vector_machine_2025-06-09_15-12-28",
      "model1_accuracy": 0.825,
      "model2_accuracy": 0.95,
      "accuracy_difference": 0.125,
      "mcnemar_statistic": null,
      "mcnemar_p_value": null,
      "is_significant": false,
      "alpha": 0.05,
      "contingency_table": [
        [
          33,
          0
        ],
        [
          5,
          2
        ]
      ]
    },
    "k-nearest_neighbors_2025-06-09_15-12-28_vs_logistic_regression_2025-06-09_15-12-28": {
      "model1_name": "k-nearest_neighbors_2025-06-09_15-12-28",
      "model2_name": "logistic_regression_2025-06-09_15-12-28",
      "model1_accuracy": 0.825,
      "model2_accuracy": 0.925,
      "accuracy_difference": 0.10000000000000009,
      "mcnemar_statistic": null,
      "mcnemar_p_value": null,
      "is_significant": false,
      "alpha": 0.05,
      "contingency_table": [
        [
          32,
          1
        ],
        [
          5,
          2
        ]
      ]
    },
    "k-nearest_neighbors_2025-06-09_15-12-28_vs_random_forest_2025-06-09_15-12-29": {
      "model1_name": "k-nearest_neighbors_2025-06-09_15-12-28",
      "model2_name": "random_forest_2025-06-09_15-12-29",
      "model1_accuracy": 0.825,
